1.jpg 1 0 0 150 100
10.jpg 1 0 0 150 100
11.jpg 1 0 0 150 100
12.jpg 1 0 0 150 100
13.jpg 1 0 0 150 100
14.jpg 1 0 0 150 100
15.jpg 1 0 0 150 100
16.jpg 1 0 0 150 100
17.jpg 1 0 0 150 100
18.jpg 1 0 0 150 100
19.jpg 1 0 0 150 100
2.jpg 1 0 0 150 100
20.jpg 1 0 0 150 100
21.jpg 1 0 0 150 100
22.jpg 1 0 0 150 100
23.jpg 1 0 0 150 100
24.jpg 1 0 0 150 100
25.jpg 1 0 0 150 100
26.jpg 1 0 0 150 100
27.jpg 1 0 0 150 100
28.jpg 1 0 0 150 100
29.jpg 1 0 0 150 100
3.jpg 1 0 0 150 100
30.jpg 1 0 0 150 100
31.jpg 1 0 0 150 100
32.jpg 1 0 0 150 100
33.jpg 1 0 0 150 100
34.jpg 1 0 0 150 100
35.jpg 1 0 0 150 100
36.jpg 1 0 0 150 100
37.jpg 1 0 0 150 100
38.jpg 1 0 0 150 100
39.jpg 1 0 0 150 100
4.jpg 1 0 0 150 100
40.jpg 1 0 0 150 100
41.jpg 1 0 0 150 100
42.jpg 1 0 0 150 100
43.jpg 1 0 0 150 100
44.jpg 1 0 0 150 100
45.jpg 1 0 0 150 100
46.jpg 1 0 0 150 100
47.jpg 1 0 0 150 100
48.jpg 1 0 0 150 100
49.jpg 1 0 0 150 100
5.jpg 1 0 0 150 100
50.jpg 1 0 0 150 100
51.jpg 1 0 0 150 100
52.jpg 1 0 0 150 100
53.jpg 1 0 0 150 100
54.jpg 1 0 0 150 100
55.jpg 1 0 0 150 100
56.jpg 1 0 0 150 100
57.jpg 1 0 0 150 100
58.jpg 1 0 0 150 100
59.jpg 1 0 0 150 100
6.jpg 1 0 0 150 100
60.jpg 1 0 0 150 100
61.jpg 1 0 0 150 100
62.jpg 1 0 0 150 100
63.jpg 1 0 0 150 100
64.jpg 1 0 0 150 100
65.jpg 1 0 0 150 100
66.jpg 1 0 0 150 100
67.jpg 1 0 0 150 100
68.jpg 1 0 0 150 100
69.jpg 1 0 0 150 100
7.jpg 1 0 0 150 100
70.jpg 1 0 0 150 100
71.jpg 1 0 0 150 100
72.jpg 1 0 0 150 100
73.jpg 1 0 0 150 100
74.jpg 1 0 0 150 100
75.jpg 1 0 0 150 100
76.jpg 1 0 0 150 100
77.jpg 1 0 0 150 100
78.jpg 1 0 0 150 100
79.jpg 1 0 0 150 100
8.jpg 1 0 0 150 100
80.jpg 1 0 0 150 100
81.jpg 1 0 0 150 100
9.jpg 1 0 0 150 100
